
Zeros:

z = 0.88022349562601 * exp(i pi 0.83295289206477) = -0.76176934606451 + I 0.44102252283587
z =  3.2375048946125 * exp(i pi 0.42458721923649) = 0.75986223121855 + I 3.1470696420968
z =  3.7441361185659 * exp(i pi 0.59817818048564) =  -1.136602428757 + I 3.5674486952574


